all points (42 first are red)
[[0.00000000e+00 2.00000000e+00]
 [3.30693964e-01 1.94976572e+00]
 [6.61387927e-01 1.80410983e+00]
 [9.92081891e-01 1.57766618e+00]
 [1.32277585e+00 1.29318523e+00]
 [1.65346982e+00 9.79248386e-01]
 [1.98416378e+00 6.67396424e-01]
 [2.31485774e+00 3.88960669e-01]
 [2.64555171e+00 1.71915160e-01]
 [2.97624567e+00 3.80661508e-02]
 [3.30693964e+00 8.61259005e-04]
 [3.63763360e+00 6.40384070e-02]
 [3.96832756e+00 2.21250277e-01]
 [4.29902153e+00 4.56702018e-01]
 [4.62971549e+00 7.46738129e-01]
 [4.96040945e+00 1.06221910e+00]
 [5.29110342e+00 1.37144900e+00]
 [5.62179738e+00 1.64335996e+00]
 [5.95249134e+00 1.85063346e+00]
 [6.28318531e+00 1.97244503e+00]
 [0.00000000e+00 2.33333333e+00]
 [0.00000000e+00 2.66666667e+00]
 [0.00000000e+00 3.00000000e+00]
 [3.30693964e-01 3.00000000e+00]
 [6.61387927e-01 3.00000000e+00]
 [9.92081891e-01 3.00000000e+00]
 [1.32277585e+00 3.00000000e+00]
 [1.65346982e+00 3.00000000e+00]
 [1.98416378e+00 3.00000000e+00]
 [2.31485774e+00 3.00000000e+00]
 [2.64555171e+00 3.00000000e+00]
 [2.97624567e+00 3.00000000e+00]
 [3.30693964e+00 3.00000000e+00]
 [3.63763360e+00 3.00000000e+00]
 [3.96832756e+00 3.00000000e+00]
 [4.29902153e+00 3.00000000e+00]
 [4.62971549e+00 3.00000000e+00]
 [4.96040945e+00 3.00000000e+00]
 [5.29110342e+00 3.00000000e+00]
 [5.62179738e+00 3.00000000e+00]
 [5.95249134e+00 3.00000000e+00]
 [6.28318531e+00 3.00000000e+00]
 [6.28318531e+00 2.33333333e+00]
 [6.28318531e+00 2.66666667e+00]
 [2.81789529e+00 5.86164452e-01]
 [3.17049926e+00 4.35646642e-01]
 [3.61719148e+00 3.85100805e-01]
 [2.53289455e+00 6.72701503e-01]
 [3.99436811e+00 5.92964632e-01]
 [2.32997003e+00 1.00335548e+00]
 [3.02179486e+00 9.71386205e-01]
 [3.38095425e+00 7.74410916e-01]
 [3.74989084e+00 9.06104785e-01]
 [2.67135481e+00 1.08153297e+00]
 [4.27176106e+00 9.69072221e-01]
 [1.74242307e+00 1.41582635e+00]
 [2.02654343e+00 1.23238387e+00]
 [2.81824919e+00 1.45730563e+00]
 [3.30878297e+00 1.23264785e+00]
 [3.91837481e+00 1.19170757e+00]
 [4.55929658e+00 1.24988145e+00]
 [1.32242293e+00 1.63391688e+00]
 [2.37457973e+00 1.47440306e+00]
 [3.31155338e+00 1.56352872e+00]
 [3.76280361e+00 1.45347141e+00]
 [4.24700160e+00 1.50209726e+00]
 [1.64324661e+00 1.77341617e+00]
 [2.05956988e+00 1.70869404e+00]
 [2.88085884e+00 1.80362607e+00]
 [3.36589319e+00 1.94796987e+00]
 [4.88570221e+00 1.51250650e+00]
 [1.73181269e+00 2.03961934e+00]
 [2.45116187e+00 1.85603507e+00]
 [3.72309876e+00 1.81940010e+00]
 [5.11621623e+00 1.78111911e+00]
 [1.07212254e+00 2.06920945e+00]
 [2.15611442e+00 2.15438715e+00]
 [2.59268867e+00 2.19141437e+00]
 [3.02519904e+00 2.24293118e+00]
 [3.45457392e+00 2.21488129e+00]
 [3.88485846e+00 2.15090826e+00]
 [4.13583103e+00 1.89720260e+00]
 [4.51101558e+00 1.78517292e+00]
 [4.73970476e+00 2.07247627e+00]
 [5.44038009e+00 2.01871507e+00]
 [4.43857529e-01 2.25657985e+00]
 [1.84290971e+00 2.29707040e+00]
 [4.30638168e+00 2.24449900e+00]
 [5.11476702e+00 2.20090606e+00]
 [5.53359661e+00 2.32430528e+00]
 [5.86453440e+00 2.35987984e+00]
 [7.12491185e-01 2.46291214e+00]
 [9.83092763e-01 2.44356264e+00]
 [1.47665334e+00 2.36917882e+00]
 [2.38884506e+00 2.53798116e+00]
 [2.81322218e+00 2.63230692e+00]
 [3.22392523e+00 2.60844930e+00]
 [4.15940090e-01 2.63848804e+00]
 [2.00352384e+00 2.67787785e+00]
 [3.68175862e+00 2.53104080e+00]
 [4.77210986e+00 2.47413423e+00]
 [5.20222702e+00 2.67799864e+00]
 [1.44093406e+00 2.69701431e+00]
 [4.05779162e+00 2.58405331e+00]
 [4.45502192e+00 2.67379814e+00]
 [5.74096425e+00 2.66961791e+00]]

simplices
[[85, 20, 0], [15, 60, 14], [42, 90, 19], [64, 59, 65], [59, 64, 58], [1, 85, 0], [60, 54, 14], [59, 54, 65], [54, 60, 65], [8, 9, 44], [7, 8, 44], [50, 51, 58], [50, 53, 44], [1, 2, 85], [21, 97, 22], [97, 21, 20], [97, 20, 85], [66, 55, 67], [56, 5, 6], [5, 56, 55], [56, 62, 67], [55, 56, 67], [60, 70, 65], [70, 60, 15], [54, 13, 14], [13, 54, 48], [12, 13, 48], [101, 105, 39], [105, 40, 39], [45, 50, 44], [9, 45, 44], [45, 9, 10], [45, 51, 50], [11, 45, 10], [52, 54, 59], [54, 52, 48], [52, 59, 58], [51, 52, 58], [47, 7, 44], [53, 47, 44], [7, 47, 6], [68, 72, 62], [72, 76, 67], [62, 72, 67], [53, 57, 62], [57, 68, 62], [57, 50, 58], [57, 53, 50], [95, 31, 30], [31, 96, 32], [96, 31, 95], [76, 71, 67], [86, 71, 76], [71, 66, 67], [86, 98, 93], [91, 25, 24], [91, 97, 85], [97, 91, 24], [2, 91, 85], [97, 23, 22], [23, 97, 24], [4, 5, 55], [4, 66, 61], [66, 4, 55], [3, 4, 61], [80, 96, 79], [80, 81, 87], [69, 80, 79], [96, 99, 32], [99, 80, 87], [80, 99, 96], [81, 82, 87], [82, 81, 65], [70, 82, 65], [105, 89, 90], [101, 89, 105], [40, 43, 41], [43, 40, 105], [43, 90, 42], [43, 105, 90], [45, 46, 51], [52, 46, 48], [46, 52, 51], [46, 45, 11], [12, 46, 11], [46, 12, 48], [49, 47, 53], [49, 53, 62], [56, 49, 62], [49, 56, 6], [47, 49, 6], [96, 78, 79], [78, 96, 95], [78, 69, 79], [69, 78, 68], [64, 63, 58], [63, 57, 58], [57, 63, 68], [63, 69, 68], [71, 75, 66], [75, 86, 93], [75, 71, 86], [66, 75, 61], [75, 3, 61], [3, 75, 2], [102, 98, 27], [98, 102, 93], [26, 102, 27], [92, 26, 25], [91, 92, 25], [92, 102, 26], [102, 92, 93], [92, 75, 93], [92, 91, 2], [75, 92, 2], [35, 104, 36], [73, 80, 69], [73, 63, 64], [63, 73, 69], [80, 73, 81], [73, 64, 65], [81, 73, 65], [99, 33, 32], [33, 99, 34], [103, 99, 87], [99, 103, 34], [103, 35, 34], [104, 103, 87], [35, 103, 104], [38, 101, 39], [38, 37, 101], [100, 37, 36], [104, 100, 36], [37, 100, 101], [100, 104, 87], [77, 72, 68], [78, 77, 68], [72, 77, 76], [77, 78, 95], [98, 28, 27], [29, 28, 98], [29, 94, 30], [94, 95, 30], [94, 29, 98], [94, 77, 95], [77, 94, 76], [94, 86, 76], [94, 98, 86], [88, 89, 101], [100, 88, 101], [82, 83, 87], [83, 100, 87], [83, 88, 100], [83, 82, 70], [16, 70, 15], [90, 18, 19], [89, 18, 90], [88, 84, 89], [84, 18, 89], [18, 84, 17], [16, 74, 70], [74, 83, 70], [74, 16, 17], [84, 74, 17], [83, 74, 88], [74, 84, 88]]

init velocities
[[0.         0.        ]
 [0.         0.        ]
 [0.         0.        ]
 [0.         0.        ]
 [0.         0.        ]
 [0.         0.        ]
 [0.         0.        ]
 [0.         0.        ]
 [0.         0.        ]
 [0.         0.        ]
 [0.         0.        ]
 [0.         0.        ]
 [0.         0.        ]
 [0.         0.        ]
 [0.         0.        ]
 [0.         0.        ]
 [0.         0.        ]
 [0.         0.        ]
 [0.         0.        ]
 [0.         0.        ]
 [0.29395019 0.        ]
 [0.29395019 0.        ]
 [0.         0.        ]
 [0.         0.        ]
 [0.         0.        ]
 [0.         0.        ]
 [0.         0.        ]
 [0.         0.        ]
 [0.         0.        ]
 [0.         0.        ]
 [0.         0.        ]
 [0.         0.        ]
 [0.         0.        ]
 [0.         0.        ]
 [0.         0.        ]
 [0.         0.        ]
 [0.         0.        ]
 [0.         0.        ]
 [0.         0.        ]
 [0.         0.        ]
 [0.         0.        ]
 [0.         0.        ]
 [0.30141001 0.        ]
 [0.28990321 0.        ]
 [0.16537538 0.        ]
 [0.15372287 0.        ]
 [0.14775771 0.        ]
 [0.12812485 0.        ]
 [0.15327778 0.        ]
 [0.23801686 0.        ]
 [0.28547332 0.        ]
 [0.25317821 0.        ]
 [0.27057445 0.        ]
 [0.2886122  0.        ]
 [0.2601837  0.        ]
 [0.2240397  0.        ]
 [0.24279019 0.        ]
 [0.32795659 0.        ]
 [0.32014868 0.        ]
 [0.31292185 0.        ]
 [0.28387731 0.        ]
 [0.05024447 0.        ]
 [0.32129652 0.        ]
 [0.33010847 0.        ]
 [0.32974717 0.        ]
 [0.3286762  0.        ]
 [0.26746123 0.        ]
 [0.3268951  0.        ]
 [0.322858   0.        ]
 [0.30123921 0.        ]
 [0.29676688 0.        ]
 [0.32988428 0.        ]
 [0.3256299  0.        ]
 [0.31802033 0.        ]
 [0.30867871 0.        ]
 [0.29915544 0.        ]
 [0.3056921  0.        ]
 [0.28278057 0.        ]
 [0.25168244 0.        ]
 [0.25562894 0.        ]
 [0.27191646 0.        ]
 [0.3166247  0.        ]
 [0.33003369 0.        ]
 [0.32036547 0.        ]
 [0.31678273 0.        ]
 [0.27354172 0.        ]
 [0.30007442 0.        ]
 [0.27621357 0.        ]
 [0.32053769 0.        ]
 [0.32111564 0.        ]
 [0.32964519 0.        ]
 [0.32726843 0.        ]
 [0.32910043 0.        ]
 [0.30819772 0.        ]
 [0.19264586 0.        ]
 [0.1496205  0.        ]
 [0.15174746 0.        ]
 [0.29859374 0.        ]
 [0.15744361 0.        ]
 [0.17753752 0.        ]
 [0.23666267 0.        ]
 [0.1832807  0.        ]
 [0.19313004 0.        ]
 [0.1683653  0.        ]
 [0.14789814 0.        ]
 [0.24368569 0.        ]]

delta velocities
[[ 0.00000000e+00  0.00000000e+00]
 [ 0.00000000e+00  0.00000000e+00]
 [ 0.00000000e+00  0.00000000e+00]
 [ 0.00000000e+00  0.00000000e+00]
 [ 0.00000000e+00  0.00000000e+00]
 [ 0.00000000e+00  0.00000000e+00]
 [ 0.00000000e+00  0.00000000e+00]
 [ 0.00000000e+00  0.00000000e+00]
 [ 0.00000000e+00  0.00000000e+00]
 [ 0.00000000e+00  0.00000000e+00]
 [ 0.00000000e+00  0.00000000e+00]
 [ 0.00000000e+00  0.00000000e+00]
 [ 0.00000000e+00  0.00000000e+00]
 [ 0.00000000e+00  0.00000000e+00]
 [ 0.00000000e+00  0.00000000e+00]
 [ 0.00000000e+00  0.00000000e+00]
 [ 0.00000000e+00  0.00000000e+00]
 [ 0.00000000e+00  0.00000000e+00]
 [ 0.00000000e+00  0.00000000e+00]
 [ 0.00000000e+00  0.00000000e+00]
 [ 0.00000000e+00  0.00000000e+00]
 [ 0.00000000e+00  0.00000000e+00]
 [ 0.00000000e+00  0.00000000e+00]
 [ 0.00000000e+00  0.00000000e+00]
 [ 0.00000000e+00  0.00000000e+00]
 [ 0.00000000e+00  0.00000000e+00]
 [ 0.00000000e+00  0.00000000e+00]
 [ 0.00000000e+00  0.00000000e+00]
 [ 0.00000000e+00  0.00000000e+00]
 [ 0.00000000e+00  0.00000000e+00]
 [ 0.00000000e+00  0.00000000e+00]
 [ 0.00000000e+00  0.00000000e+00]
 [ 0.00000000e+00  0.00000000e+00]
 [ 0.00000000e+00  0.00000000e+00]
 [ 0.00000000e+00  0.00000000e+00]
 [ 0.00000000e+00  0.00000000e+00]
 [ 0.00000000e+00  0.00000000e+00]
 [ 0.00000000e+00  0.00000000e+00]
 [ 0.00000000e+00  0.00000000e+00]
 [ 0.00000000e+00  0.00000000e+00]
 [ 0.00000000e+00  0.00000000e+00]
 [ 0.00000000e+00  0.00000000e+00]
 [-2.80341220e-01  4.79660795e-02]
 [-1.24791878e-04 -2.94208402e-02]
 [-1.47471961e-02  2.62413497e-02]
 [ 2.14539048e-02 -1.15631664e-01]
 [ 1.65466284e-01  6.64011018e-02]
 [ 6.77794060e-02 -6.79941875e-02]
 [-8.49935632e-03 -9.30269128e-03]
 [ 9.57249979e-03 -1.48532520e-02]
 [ 7.05990238e-02  2.41650230e-02]
 [ 7.80363840e-02  1.21363494e-01]
 [-5.69723155e-02 -5.64427057e-02]
 [ 8.44129712e-03  2.41596577e-02]
 [ 4.08299969e-02 -7.02348298e-02]
 [-3.13580006e-03  6.58602954e-03]
 [-2.15260408e-04  1.02130263e-02]
 [-6.86623928e-02  6.82441855e-02]
 [ 1.60445242e-01 -1.36980471e-01]
 [-1.08903408e-01  6.31859904e-02]
 [ 8.29316071e-02 -9.59019960e-02]
 [ 4.02156279e-02 -2.02203257e-02]
 [ 4.56288327e-03  1.51511400e-01]
 [ 1.09041658e-01  1.41672954e-01]
 [-8.54104922e-03 -2.12863065e-02]
 [ 1.26452734e-01 -1.08662898e-01]
 [ 4.97945308e-02  4.07627113e-02]
 [ 6.45015531e-02  7.43523870e-02]
 [-9.81832964e-02  5.25175512e-02]
 [ 8.18467582e-02 -1.16188836e-01]
 [-7.65652087e-02 -9.71152077e-02]
 [ 1.69094096e-01  3.25652764e-02]
 [ 8.51144195e-02 -1.06524125e-01]
 [-2.01965330e-01  1.59589191e-02]
 [ 2.15754589e-01 -1.80965060e-01]
 [-7.50058111e-02  9.79008785e-02]
 [-1.19062375e-01  3.81258697e-02]
 [ 1.23677738e-01  1.88956950e-02]
 [-7.86626616e-02  1.11067288e-01]
 [ 3.99854193e-03  1.11120972e-01]
 [-6.81490125e-02 -1.26472438e-02]
 [ 4.66757866e-03 -5.94548003e-03]
 [ 1.22586172e-01 -1.30049075e-01]
 [-1.28890925e-02 -7.98417088e-02]
 [ 2.28068864e-01 -1.14887855e-01]
 [ 9.67174253e-02 -2.75154188e-03]
 [ 1.40688887e-01  6.17650019e-02]
 [ 1.57529537e-02 -1.47801819e-02]
 [ 6.24363005e-02 -2.77657171e-02]
 [ 1.03065219e-01 -2.79564174e-01]
 [ 1.74740964e-01 -1.35935975e-01]
 [ 1.05998322e-02  9.77721384e-02]
 [ 1.28599986e-01  1.19948512e-01]
 [ 8.92162938e-03  9.30223313e-02]
 [-1.05984254e-02  1.38234991e-02]
 [-5.61444280e-02 -1.46920106e-01]
 [ 7.95673583e-02 -1.56165691e-01]
 [ 6.74969076e-02  1.33416042e-01]
 [-1.44820513e-01 -7.20227506e-02]
 [-1.41920607e-01  1.29080442e-01]
 [-4.02963775e-02  1.07225053e-01]
 [ 3.37208601e-02  1.35487324e-01]
 [ 7.51365415e-02 -1.05936687e-01]
 [-2.19333120e-02  2.61350652e-02]
 [ 1.08765686e-01  1.03001100e-01]
 [-1.91997385e-02  9.47952756e-02]]
